Iteration	Posterior	Likelihood	Prior	sigma
0	-210349	-23540.8	-186808	[ [ 0.0951, 0.0263, -0.0026, -0.0305, -0.0375 ] , [ 0.0263, 0.0518, 0.0188, -0.0124, 0.0206 ] , [ -0.0026, 0.0188, 0.0656, -0.0127, 0.0546 ] , [ -0.0305, -0.0124, -0.0127, 0.0476, -0.0262 ] , [ -0.0375, 0.0206, 0.0546, -0.0262, 0.1279 ] ] 
10	-16017.5	-15564.6	-452.931	[ [ 6.7365, -3.6641, 4.1391, 3.2620, 2.6003 ] , [ -3.6641, 15.8989, 12.2364, 17.6987, 8.3107 ] , [ 4.1391, 12.2364, 309.4135, 434.0765, 149.7697 ] , [ 3.2620, 17.6987, 434.0765, 669.2844, 213.9549 ] , [ 2.6003, 8.3107, 149.7697, 213.9549, 81.3100 ] ] 
20	-14224.3	-13745.9	-478.344	[ [ 13.4654, -11.9967, -5.3454, -2.9824, -2.3437 ] , [ -11.9967, 30.0176, 22.0316, 48.0886, 14.5759 ] , [ -5.3454, 22.0316, 394.9389, 551.7393, 179.5119 ] , [ -2.9824, 48.0886, 551.7393, 850.5589, 261.7329 ] , [ -2.3437, 14.5759, 179.5119, 261.7329, 89.9034 ] ] 
30	-12873.6	-12437	-436.598	[ [ 10.8487, -9.4298, 5.4405, 5.9316, 1.6321 ] , [ -9.4298, 26.5404, 8.6808, 24.9260, 9.7485 ] , [ 5.4405, 8.6808, 184.2235, 251.3068, 79.9276 ] , [ 5.9316, 24.9260, 251.3068, 446.1959, 118.7717 ] , [ 1.6321, 9.7485, 79.9276, 118.7717, 43.9495 ] ] 
