Iteration	Posterior	Likelihood	Prior	sigma
0	-658509	-31496.4	-627013	[ [ 0.0345, -0.0101, 0.0132, -0.0123, -0.0064 ] , [ -0.0101, 0.1326, -0.1396, 0.1048, 0.0456 ] , [ 0.0132, -0.1396, 0.1911, -0.1319, -0.0597 ] , [ -0.0123, 0.1048, -0.1319, 0.1050, 0.0450 ] , [ -0.0064, 0.0456, -0.0597, 0.0450, 0.0399 ] ] 
10	-23817	-23456.2	-360.798	[ [ 2.8286, 3.1137, -1.5514, 0.3517, -3.3381 ] , [ 3.1137, 9.7070, 0.2050, 8.4151, -4.7725 ] , [ -1.5514, 0.2050, 90.9337, 117.5811, 35.1111 ] , [ 0.3517, 8.4151, 117.5811, 200.6148, 40.4721 ] , [ -3.3381, -4.7725, 35.1111, 40.4721, 28.6582 ] ] 
